-100 130
-100 110
-95 130
-100 110
-95 130
-95 110
-100 100
-100 80
-95 100
-100 80
-95 100
-95 80
-100 70
-100 50
-95 70
-100 50
-95 70
-95 50
-100 40
-100 20
-95 40
-100 20
-95 40
-95 20
-100 10
-100 -10
-95 10
-100 -10
-95 10
-95 -10
-100 -20
-100 -40
-95 -20
-100 -40
-95 -20
-95 -40
-100 -50
-100 -70
-95 -50
-100 -70
-95 -50
-95 -70
-100 -80
-100 -100
-95 -80
-100 -100
-95 -80
-95 -100
-100 -110
-100 -130
-95 -110
-100 -130
-95 -110
-95 -130
-35 130
-35 110
-30 130
-35 110
-30 130
-30 110
-35 100
-35 80
-30 100
-35 80
-30 100
-30 80
-35 70
-35 50
-30 70
-35 50
-30 70
-30 50
-35 40
-35 20
-30 40
-35 20
-30 40
-30 20
-35 10
-35 -10
-30 10
-35 -10
-30 10
-30 -10
-35 -20
-35 -40
-30 -20
-35 -40
-30 -20
-30 -40
-35 -50
-35 -70
-30 -50
-35 -70
-30 -50
-30 -70
-35 -80
-35 -100
-30 -80
-35 -100
-30 -80
-30 -100
-35 -110
-35 -130
-30 -110
-35 -130
-30 -110
-30 -130
35 130
35 110
30 130
35 110
30 130
30 110
35 100
35 80
30 100
35 80
30 100
30 80
35 70
35 50
30 70
35 50
30 70
30 50
35 40
35 20
30 40
35 20
30 40
30 20
35 10
35 -10
30 10
35 -10
30 10
30 -10
35 -20
35 -40
30 -20
35 -40
30 -20
30 -40
35 -50
35 -70
30 -50
35 -70
30 -50
30 -70
35 -80
35 -100
30 -80
35 -100
30 -80
30 -100
35 -110
35 -130
30 -110
35 -130
30 -110
30 -130
100 130
100 110
95 130
100 110
95 130
95 110
100 100
100 80
95 100
100 80
95 100
95 80
100 70
100 50
95 70
100 50
95 70
95 50
100 40
100 20
95 40
100 20
95 40
95 20
100 10
100 -10
95 10
100 -10
95 10
95 -10
100 -20
100 -40
95 -20
100 -40
95 -20
95 -40
100 -50
100 -70
95 -50
100 -70
95 -50
95 -70
100 -80
100 -100
95 -80
100 -100
95 -80
95 -100
100 -110
100 -130
95 -110
100 -130
95 -110
95 -130